
Mean = 0.9957337340007559
SD = 0.13648326231606028
Min = 0.5064476173455601
Max = 1.4921865780116914
expon = 0.0001
beta = 0.0001
gamma = 0.0001