
Mean = 0.9930625059161867
SD = 0.11520280193783163
Min = 0.5027626446244162
Max = 1.4971973867035415
expon = 0.0001
beta = 0.0004
gamma = 0.0001