
Mean = 1.003345525401798
SD = 0.11472945309880844
Min = 0.5128694108774687
Max = 1.4887019002958617
expon = 0.0001
beta = 0.0001
gamma = 0.0001