
Mean = 1.004397099364973
SD = 0.09769161999523784
Min = 0.5221125405309062
Max = 1.481165964796881
expon = 0.0001
beta = 0.0001
gamma = 0.0001