Alpha = 0.4980927921854995
Loc = 0.11666666666666665
Scale = 1.4627703343812128
Gamma_Mean = 0.728595360178055
Mean = 0.8649425287356322
SD = 1.4230541923078497
Min = 0.11666666666666667
Max = 7.45
gof_expon = 0.0001
gof_beta = 0.0343
gof_gamma = 0.0006