
Mean = 1.0029147475915459
SD = 0.09798642045357892
Min = 0.5258649394315649
Max = 1.4843335496272316
expon = 0.0001
beta = 0.0001
gamma = 0.0001