Alpha = 1.9099187137072549
Loc = 0.022238190057749095
Scale = 1.5457931712203528
Gamma_Mean = 2.9523393052346347
Mean = 2.9745794611316314
SD = 2.1198102108684975
Min = 0.0560718405728488
Max = 13.788887641041455
gof_expon = 0.0001
gof_beta = 0.8299
gof_gamma = 0.7171