Alpha = 1.8520444950597348
Loc = 0.040384075842298
Scale = 1.6058802852367908
Gamma_Mean = 2.9741617419977553
Mean = 3.014540445595844
SD = 2.1755038923287056
Min = 0.0808047033028694
Max = 14.09853800643591
gof_expon = 0.0001
gof_beta = 0.8935
gof_gamma = 0.9606