I1: 0.13655568644549587
I2: 0.0980362990113796
I3: 0.11526216952844454
I4: 0.11478869888282363
I5: 0.09774165411887423
