I1: 0.9957337340007559
I2: 1.0029147475915459
I3: 0.9930625059161867
I4: 1.003345525401798
I5: 1.004397099364973
